time [s], mxb, myb, mzb, sxb, syb, szb
0, 1.658513e-01, -1.188474e-01, -9.789631e-01, -9.358890e-01, 2.831296e-01, -2.096409e-01
1.000000e-01, 2.958157e-01, -2.923480e-01, -9.094095e-01, -7.527829e-01, 5.066257e-01, -4.202956e-01
2.000000e-01, 3.588087e-01, -4.708903e-01, -8.059272e-01, -4.748101e-01, 6.413763e-01, -6.026540e-01
3.000000e-01, 3.382189e-01, -6.547172e-01, -6.759832e-01, -1.410033e-01, 6.673932e-01, -7.312348e-01
4.000000e-01, 2.283610e-01, -8.054646e-01, -5.468803e-01, 2.021500e-01, 5.816105e-01, -7.879496e-01
5.000000e-01, 6.925877e-02, -9.003214e-01, -4.296797e-01, 5.064031e-01, 3.963033e-01, -7.658326e-01
6.000000e-01, -1.227088e-01, -9.330819e-01, -3.380840e-01, 7.330208e-01, 1.345692e-01, -6.667621e-01
7.000000e-01, -3.477886e-01, -8.933277e-01, -2.846204e-01, 8.468296e-01, -1.643513e-01, -5.058342e-01
8.000000e-01, -5.304866e-01, -7.926339e-01, -3.005253e-01, 8.337705e-01, -4.599579e-01, -3.053941e-01
9.000000e-01, -6.976246e-01, -6.287610e-01, -3.434815e-01, 6.953185e-01, -7.130957e-01, -8.959177e-02
1, -7.724454e-01, -4.564578e-01, -4.415590e-01, 4.511392e-01, -8.860463e-01, 1.067491e-01
1.100000e+00, -7.903980e-01, -2.620636e-01, -5.537090e-01, 1.340673e-01, -9.568034e-01, 2.579789e-01
1.200000e+00, -7.188309e-01, -1.083982e-01, -6.866818e-01, -2.112302e-01, -9.142947e-01, 3.456111e-01
1.300000e+00, -5.709366e-01, 1.426682e-02, -8.208702e-01, -5.372990e-01, -7.650142e-01, 3.550536e-01
1.400000e+00, -3.848346e-01, 7.339015e-02, -9.200632e-01, -7.979802e-01, -5.302560e-01, 2.864544e-01
1.500000e+00, -1.785834e-01, 5.907927e-02, -9.821495e-01, -9.590668e-01, -2.414920e-01, 1.478939e-01
1.600000e+00, 3.335861e-02, -1.288888e-02, -9.993603e-01, -9.972736e-01, 6.065175e-02, -4.203359e-02
1.700000e+00, 2.057091e-01, -1.511516e-01, -9.668697e-01, -9.074547e-01, 3.346265e-01, -2.540689e-01
1.800000e+00, 3.244281e-01, -3.293827e-01, -8.867093e-01, -7.023740e-01, 5.425908e-01, -4.607233e-01
1.900000e+00, 3.568567e-01, -5.089134e-01, -7.833648e-01, -4.093975e-01, 6.560440e-01, -6.340347e-01
2, 3.130728e-01, -6.864927e-01, -6.562874e-01, -6.896866e-02, 6.585146e-01, -7.494010e-01
2.100000e+00, 1.957706e-01, -8.276279e-01, -5.260285e-01, 2.701940e-01, 5.505538e-01, -7.898644e-01
2.200000e+00, 4.250064e-02, -9.150820e-01, -4.010219e-01, 5.616596e-01, 3.463427e-01, -7.513889e-01
2.300000e+00, -1.676172e-01, -9.313322e-01, -3.233028e-01, 7.661973e-01, 7.385834e-02, -6.383467e-01
2.400000e+00, -3.811850e-01, -8.776057e-01, -2.906996e-01, 8.548965e-01, -2.279471e-01, -4.660388e-01
2.500000e+00, -5.779425e-01, -7.542503e-01, -3.115910e-01, 8.144665e-01, -5.182650e-01, -2.608556e-01
2.600000e+00, -7.187847e-01, -5.935316e-01, -3.620342e-01, 6.527505e-01, -7.560853e-01, -4.745279e-02
2.700000e+00, -7.884388e-01, -4.051158e-01, -4.628666e-01, 3.894764e-01, -9.100171e-01, 1.420456e-01
2.800000e+00, -7.774677e-01, -2.347222e-01, -5.834804e-01, 6.316147e-02, -9.568460e-01, 2.836482e-01
2.900000e+00, -6.874754e-01, -7.099583e-02, -7.227290e-01, -2.817839e-01, -8.914595e-01, 3.548208e-01
3, -5.349886e-01, 3.112126e-02, -8.442859e-01, -5.974787e-01, -7.231173e-01, 3.465843e-01
3.100000e+00, -3.452268e-01, 8.638471e-02, -9.345352e-01, -8.406445e-01, -4.739457e-01, 2.620921e-01
3.200000e+00, -1.325000e-01, 6.260241e-02, -9.892041e-01, -9.774207e-01, -1.791204e-01, 1.120925e-01
3.300000e+00, 6.685742e-02, -3.031681e-02, -9.973018e-01, -9.890445e-01, 1.207321e-01, -8.494013e-02
3.400000e+00, 2.407911e-01, -1.831482e-01, -9.531403e-01, -8.729848e-01, 3.854777e-01, -2.988387e-01
3.500000e+00, 3.318434e-01, -3.612822e-01, -8.714098e-01, -6.468794e-01, 5.753167e-01, -5.005574e-01
3.600000e+00, 3.558440e-01, -5.523982e-01, -7.538112e-01, -3.410769e-01, 6.666591e-01, -6.627460e-01
3.700000e+00, 3.005282e-01, -7.272980e-01, -6.170255e-01, 2.084618e-03, 6.450388e-01, -7.641469e-01
3.800000e+00, 1.778161e-01, -8.470098e-01, -5.009549e-01, 3.356545e-01, 5.154112e-01, -7.884715e-01
3.900000e+00, -1.168365e-02, -9.239163e-01, -3.824161e-01, 6.125394e-01, 2.934187e-01, -7.339625e-01
4, -2.130760e-01, -9.228323e-01, -3.209037e-01, 7.952146e-01, 1.330673e-02, -6.061821e-01
4.100000e+00, -4.227641e-01, -8.603345e-01, -2.847718e-01, 8.570966e-01, -2.901126e-01, -4.256994e-01
4.200000e+00, -6.116685e-01, -7.240714e-01, -3.187197e-01, 7.908455e-01, -5.725570e-01, -2.161987e-01
4.300000e+00, -7.313995e-01, -5.614223e-01, -3.871172e-01, 6.053330e-01, -7.959541e-01, -5.389363e-03
4.400000e+00, -7.910021e-01, -3.720634e-01, -4.856795e-01, 3.257662e-01, -9.288940e-01, 1.761597e-01
4.500000e+00, -7.678500e-01, -1.935436e-01, -6.106941e-01, -8.030544e-03, -9.529100e-01, 3.031468e-01
4.600000e+00, -6.670643e-01, -4.199272e-02, -7.438157e-01, -3.510020e-01, -8.646766e-01, 3.593495e-01
4.700000e+00, -4.965211e-01, 4.960203e-02, -8.666063e-01, -6.552574e-01, -6.763806e-01, 3.363734e-01
4.800000e+00, -3.011703e-01, 8.066370e-02, -9.501525e-01, -8.787592e-01, -4.143378e-01, 2.368681e-01
4.900000e+00, -8.694383e-02, 3.440525e-02, -9.956189e-01, -9.906526e-01, -1.144890e-01, 7.415983e-02
5, 1.090688e-01, -7.133439e-02, -9.914713e-01, -9.754004e-01, 1.796750e-01, -1.277142e-01
5.100000e+00, 2.643788e-01, -2.169416e-01, -9.397022e-01, -8.344113e-01, 4.319066e-01, -3.423659e-01
5.200000e+00, 3.409299e-01, -4.071241e-01, -8.473587e-01, -5.882831e-01, 6.034759e-01, -5.382748e-01
5.300000e+00, 3.562319e-01, -5.927000e-01, -7.223611e-01, -2.710248e-01, 6.716606e-01, -6.895053e-01
5.400000e+00, 2.791463e-01, -7.476840e-01, -6.025330e-01, 7.453709e-02, 6.271181e-01, -7.753497e-01
5.500000e+00, 1.312736e-01, -8.735924e-01, -4.686188e-01, 4.002433e-01, 4.753447e-01, -7.834875e-01
5.600000e+00, -5.074314e-02, -9.257576e-01, -3.746972e-01, 6.592144e-01, 2.392065e-01, -7.128931e-01
5.700000e+00, -2.629630e-01, -9.165476e-01, -3.013155e-01, 8.178616e-01, -5.017316e-02, -5.732234e-01
5.800000e+00, -4.688365e-01, -8.352726e-01, -2.872488e-01, 8.534787e-01, -3.521619e-01, -3.841304e-01
5.900000e+00, -6.464002e-01, -6.943624e-01, -3.162716e-01, 7.614637e-01, -6.250875e-01, -1.715768e-01
6, -7.542984e-01, -5.224223e-01, -3.976290e-01, 5.538293e-01, -8.318785e-01, 3.537289e-02
6.100000e+00, -7.971035e-01, -3.252611e-01, -5.087545e-01, 2.589364e-01, -9.430348e-01, 2.088956e-01
6.200000e+00, -7.539933e-01, -1.566973e-01, -6.379186e-01, -8.066215e-02, -9.432799e-01, 3.220508e-01
6.300000e+00, -6.331334e-01, -1.028119e-02, -7.739744e-01, -4.181994e-01, -8.335246e-01, 3.610347e-01
6.400000e+00, -4.674654e-01, 6.934727e-02, -8.812872e-01, -7.090483e-01, -6.274683e-01, 3.217669e-01
6.500000e+00, -2.543398e-01, 8.792895e-02, -9.631094e-01, -9.117239e-01, -3.551508e-01, 2.064643e-01
6.600000e+00, -4.230825e-02, 3.054578e-02, -9.986376e-01, -9.980323e-01, -5.289400e-02, 3.367066e-02
6.700000e+00, 1.393953e-01, -9.271392e-02, -9.858870e-01, -9.557103e-01, 2.384153e-01, -1.725572e-01
6.800000e+00, 2.896770e-01, -2.494476e-01, -9.240472e-01, -7.918254e-01, 4.747268e-01, -3.842486e-01
6.900000e+00, 3.524911e-01, -4.407828e-01, -8.255062e-01, -5.278006e-01, 6.257544e-01, -5.743326e-01
7, 3.359073e-01, -6.242893e-01, -7.052866e-01, -1.996694e-01, 6.713736e-01, -7.137153e-01
7.100000e+00, 2.511966e-01, -7.829146e-01, -5.691617e-01, 1.450452e-01, 6.035241e-01, -7.840412e-01
7.200000e+00, 1.013205e-01, -8.883307e-01, -4.478870e-01, 4.602269e-01, 4.337700e-01, -7.746192e-01
7.300000e+00, -9.630301e-02, -9.292594e-01, -3.566549e-01, 7.016159e-01, 1.832237e-01, -6.885958e-01
7.400000e+00, -3.008556e-01, -9.048213e-01, -3.013044e-01, 8.360370e-01, -1.130598e-01, -5.368982e-01
7.500000e+00, -5.090526e-01, -8.081149e-01, -2.963374e-01, 8.452341e-01, -4.121029e-01, -3.402214e-01
7.600000e+00, -6.737274e-01, -6.609525e-01, -3.305045e-01, 7.274545e-01, -6.745655e-01, -1.255841e-01
7.700000e+00, -7.641622e-01, -4.876448e-01, -4.222068e-01, 4.993896e-01, -8.630652e-01, 7.568649e-02
7.800000e+00, -7.965105e-01, -2.911428e-01, -5.299121e-01, 1.920695e-01, -9.524756e-01, 2.364309e-01
7.900000e+00, -7.393157e-01, -1.193636e-01, -6.626950e-01, -1.517393e-01, -9.294200e-01, 3.363832e-01
8, -6.068884e-01, 5.776919e-03, -7.947660e-01, -4.839537e-01, -7.979197e-01, 3.593229e-01
8.100000e+00, -4.189472e-01, 6.241672e-02, -9.058628e-01, -7.598220e-01, -5.753813e-01, 3.026664e-01
8.200000e+00, -2.059101e-01, 6.975867e-02, -9.760813e-01, -9.402021e-01, -2.919769e-01, 1.754123e-01
8.300000e+00, -9.911610e-03, 1.310342e-02, -9.998650e-01, -9.999279e-01, 9.793804e-03, -6.950990e-03
8.400000e+00, 1.855073e-01, -1.184611e-01, -9.754763e-01, -9.316508e-01, 2.919704e-01, -2.162872e-01
8.500000e+00, 3.079652e-01, -2.885476e-01, -9.065858e-01, -7.430576e-01, 5.147913e-01, -4.276159e-01
8.600000e+00, 3.577918e-01, -4.793717e-01, -8.013662e-01, -4.632113e-01, 6.444549e-01, -6.083692e-01
8.700000e+00, 3.317811e-01, -6.534662e-01, -6.803700e-01, -1.280870e-01, 6.666031e-01, -7.343256e-01
8.800000e+00, 2.313661e-01, -8.114199e-01, -5.367191e-01, 2.134696e-01, 5.771724e-01, -7.882276e-01
8.900000e+00, 6.876880e-02, -9.006209e-01, -4.291304e-01, 5.176598e-01, 3.861477e-01, -7.634908e-01
9, -1.412081e-01, -9.279695e-01, -3.448665e-01, 7.388932e-01, 1.239121e-01, -6.623313e-01
9.100000e+00, -3.503868e-01, -8.917073e-01, -2.865085e-01, 8.485935e-01, -1.751615e-01, -4.992068e-01
9.200000e+00, -5.404067e-01, -7.868419e-01, -2.980610e-01, 8.305059e-01, -4.718773e-01, -2.959590e-01
9.300000e+00, -6.935853e-01, -6.287467e-01, -3.515921e-01, 6.875059e-01, -7.215490e-01, -8.186966e-02
9.400000e+00, -7.800957e-01, -4.437940e-01, -4.410188e-01, 4.401656e-01, -8.908032e-01, 1.128000e-01
9.500000e+00, -7.875639e-01, -2.561067e-01, -5.604930e-01, 1.226744e-01, -9.569336e-01, 2.631143e-01
9.600000e+00, -7.165635e-01, -9.861434e-02, -6.905157e-01, -2.228096e-01, -9.106183e-01, 3.480376e-01
9.700000e+00, -5.676192e-01, 2.181933e-02, -8.230020e-01, -5.485651e-01, -7.574170e-01, 3.541128e-01
9.800000e+00, -3.735364e-01, 7.519027e-02, -9.245631e-01, -8.064626e-01, -5.200110e-01, 2.814367e-01
9.900000e+00, -1.664975e-01, 7.100594e-02, -9.834819e-01, -9.631195e-01, -2.293075e-01, 1.407797e-01
10, 4.322556e-02, -2.317451e-02, -9.987965e-01, -9.961734e-01, 7.197022e-02, -4.958650e-02
1.010000e+01, 2.125356e-01, -1.603668e-01, -9.639041e-01, -9.015738e-01, 3.439464e-01, -2.624223e-01
1.020000e+01, 3.305207e-01, -3.268308e-01, -8.854025e-01, -6.915594e-01, 5.499393e-01, -4.683079e-01
1.030000e+01, 3.529328e-01, -5.173875e-01, -7.795823e-01, -3.966164e-01, 6.582440e-01, -6.398517e-01
1.040000e+01, 3.178637e-01, -6.938354e-01, -6.461850e-01, -5.552232e-02, 6.572615e-01, -7.516146e-01
1.050000e+01, 1.972922e-01, -8.310904e-01, -5.199658e-01, 2.824559e-01, 5.446352e-01, -7.896779e-01
1.060000e+01, 2.506340e-02, -9.144508e-01, -4.039203e-01, 5.719790e-01, 3.368719e-01, -7.479019e-01
1.070000e+01, -1.856696e-01, -9.288021e-01, -3.207078e-01, 7.715686e-01, 6.406226e-02, -6.329123e-01
1.080000e+01, -3.992322e-01, -8.681658e-01, -2.947910e-01, 8.554947e-01, -2.385545e-01, -4.595875e-01
1.090000e+01, -5.817124e-01, -7.528570e-01, -3.079237e-01, 8.109666e-01, -5.279374e-01, -2.522208e-01
11, -7.203159e-01, -5.935244e-01, -3.589898e-01, 6.439240e-01, -7.641044e-01, -3.881174e-02
1.110000e+01, -7.857771e-01, -4.025251e-01, -4.696040e-01, 3.792458e-01, -9.131714e-01, 1.493003e-01
1.120000e+01, -7.760300e-01, -2.242069e-01, -5.894986e-01, 5.037749e-02, -9.568806e-01, 2.860799e-01
1.130000e+01, -6.915253e-01, -6.342797e-02, -7.195621e-01, -2.940707e-01, -8.870847e-01, 3.558133e-01
1.140000e+01, -5.347067e-01, 4.593244e-02, -8.437885e-01, -6.084176e-01, -7.141933e-01, 3.460578e-01
1.150000e+01, -3.351419e-01, 7.874145e-02, -9.388715e-01, -8.480714e-01, -4.630766e-01, 2.575556e-01
1.160000e+01, -1.234404e-01, 5.008224e-02, -9.910874e-01, -9.804622e-01, -1.663076e-01, 1.050510e-01
1.170000e+01, 8.469484e-02, -4.520600e-02, -9.953809e-01, -9.869698e-01, 1.317871e-01, -9.231898e-02
1.180000e+01, 2.367828e-01, -1.925898e-01, -9.522831e-01, -8.667677e-01, 3.936959e-01, -3.061329e-01
1.190000e+01, 3.318004e-01, -3.703427e-01, -8.676144e-01, -6.366050e-01, 5.807349e-01, -5.074260e-01
12, 3.568516e-01, -5.548244e-01, -7.515496e-01, -3.288380e-01, 6.676440e-01, -6.679200e-01
1.210000e+01, 2.915419e-01, -7.328224e-01, -6.147965e-01, 1.563770e-02, 6.419744e-01, -7.665665e-01
1.220000e+01, 1.663971e-01, -8.540909e-01, -4.927888e-01, 3.472579e-01, 5.093378e-01, -7.873925e-01
1.230000e+01, -1.401292e-02, -9.236228e-01, -3.830465e-01, 6.209630e-01, 2.844579e-01, -7.304030e-01
1.240000e+01, -2.291472e-01, -9.234320e-01, -3.078392e-01, 7.988794e-01, 1.860550e-03, -6.014883e-01
1.250000e+01, -4.350537e-01, -8.556708e-01, -2.802780e-01, 8.572548e-01, -3.010819e-01, -4.176887e-01
1.260000e+01, -6.095130e-01, -7.273969e-01, -3.152581e-01, 7.858451e-01, -5.826437e-01, -2.073012e-01
1.270000e+01, -7.447280e-01, -5.492839e-01, -3.790349e-01, 5.968708e-01, -8.023348e-01, 2.024734e-03
1.280000e+01, -7.958973e-01, -3.615261e-01, -4.856402e-01, 3.140770e-01, -9.318042e-01, 1.819247e-01
1.290000e+01, -7.603626e-01, -1.787956e-01, -6.244045e-01, -2.065697e-02, -9.515083e-01, 3.069288e-01
13, -6.608756e-01, -3.348354e-02, -7.497482e-01, -3.629537e-01, -8.593964e-01, 3.601423e-01
1.310000e+01, -4.940555e-01, 5.607084e-02, -8.676205e-01, -6.654363e-01, -6.682988e-01, 3.325227e-01
1.320000e+01, -2.935243e-01, 8.405396e-02, -9.522491e-01, -8.849116e-01, -4.042183e-01, 2.313851e-01
1.330000e+01, -8.613655e-02, 4.151820e-02, -9.954179e-01, -9.923129e-01, -1.039944e-01, 6.708462e-02
1.340000e+01, 1.125466e-01, -6.916166e-02, -9.912366e-01, -9.719878e-01, 1.916465e-01, -1.360562e-01
1.350000e+01, 2.577475e-01, -2.189116e-01, -9.410866e-01, -8.275311e-01, 4.396924e-01, -3.490887e-01
1.360000e+01, 3.452775e-01, -4.105016e-01, -8.439620e-01, -5.776331e-01, 6.078178e-01, -5.448830e-01
1.370000e+01, 3.529198e-01, -5.972437e-01, -7.202413e-01, -2.580140e-01, 6.722567e-01, -6.939018e-01
1.380000e+01, 2.737381e-01, -7.569111e-01, -5.934248e-01, 8.781074e-02, 6.230752e-01, -7.772172e-01
1.390000e+01, 1.413871e-01, -8.735754e-01, -4.656991e-01, 4.101775e-01, 4.686217e-01, -7.823990e-01
14, -6.280782e-02, -9.316245e-01, -3.579540e-01, 6.676073e-01, 2.301030e-01, -7.080630e-01
1.410000e+01, -2.722344e-01, -9.156639e-01, -2.957160e-01, 8.221293e-01, -6.052258e-02, -5.660746e-01
1.420000e+01, -4.816896e-01, -8.294154e-01, -2.829226e-01, 8.529060e-01, -3.631409e-01, -3.750735e-01
1.430000e+01, -6.395180e-01, -6.939085e-01, -3.309195e-01, 7.556188e-01, -6.344445e-01, -1.628509e-01
1.440000e+01, -7.592857e-01, -5.113538e-01, -4.024953e-01, 5.449820e-01, -8.373332e-01, 4.321727e-02
1.450000e+01, -7.886774e-01, -3.297955e-01, -5.188668e-01, 2.469589e-01, -9.451477e-01, 2.137924e-01
1.460000e+01, -7.507980e-01, -1.430958e-01, -6.448457e-01, -9.293436e-02, -9.411375e-01, 3.249977e-01
1.470000e+01, -6.248504e-01, -2.436131e-02, -7.803643e-01, -4.311277e-01, -8.266046e-01, 3.617371e-01
1.480000e+01, -4.519144e-01, 5.783975e-02, -8.901842e-01, -7.188311e-01, -6.181236e-01, 3.181276e-01
1.490000e+01, -2.426542e-01, 8.203736e-02, -9.666379e-01, -9.177936e-01, -3.428097e-01, 2.003407e-01
15, -2.730194e-02, 1.627402e-02, -9.994948e-01, -9.987730e-01, -4.154401e-02, 2.695348e-02
1.510000e+01, 1.538078e-01, -9.288176e-02, -9.837256e-01, -9.518334e-01, 2.478735e-01, -1.804771e-01
1.520000e+01, 2.895411e-01, -2.595517e-01, -9.213028e-01, -7.834220e-01, 4.812497e-01, -3.932540e-01
1.530000e+01, 3.624167e-01, -4.423619e-01, -8.203475e-01, -5.167160e-01, 6.295693e-01, -5.802130e-01
1.540000e+01, 3.453092e-01, -6.341491e-01, -6.918211e-01, -1.871642e-01, 6.710242e-01, -7.174232e-01
1.550000e+01, 2.559157e-01, -7.880599e-01, -5.598828e-01, 1.581356e-01, 5.993213e-01, -7.847338e-01
1.560000e+01, 8.892859e-02, -8.956614e-01, -4.357549e-01, 4.707615e-01, 4.252670e-01, -7.730016e-01
1.570000e+01, -1.068282e-01, -9.300305e-01, -3.516120e-01, 7.088628e-01, 1.722253e-01, -6.839971e-01
1.580000e+01, -3.130524e-01, -9.000874e-01, -3.030526e-01, 8.390529e-01, -1.233266e-01, -5.298875e-01
1.590000e+01, -5.136731e-01, -8.061747e-01, -2.936365e-01, 8.432056e-01, -4.229780e-01, -3.318041e-01
16, -6.772336e-01, -6.564699e-01, -3.322678e-01, 7.203607e-01, -6.834594e-01, -1.181685e-01
1.610000e+01, -7.676451e-01, -4.754727e-01, -4.297054e-01, 4.892382e-01, -8.682735e-01, 8.214098e-02
1.620000e+01, -7.886365e-01, -2.797089e-01, -5.475540e-01, 1.784144e-01, -9.536354e-01, 2.423796e-01
1.630000e+01, -7.305520e-01, -1.173858e-01, -6.726919e-01, -1.659092e-01, -9.263770e-01, 3.380824e-01
1.640000e+01, -5.981675e-01, 8.502386e-03, -8.013260e-01, -4.958807e-01, -7.908879e-01, 3.586065e-01
1.650000e+01, -4.172187e-01, 8.055772e-02, -9.052287e-01, -7.690467e-01, -5.648085e-01, 2.992632e-01
1.660000e+01, -1.977254e-01, 7.765184e-02, -9.771770e-01, -9.445945e-01, -2.815461e-01, 1.687394e-01
1.670000e+01, 1.990123e-03, 7.614894e-03, -9.999690e-01, -9.996858e-01, 2.091950e-02, -1.381025e-02
1.680000e+01, 1.843258e-01, -1.338537e-01, -9.737080e-01, -9.263092e-01, 3.027499e-01, -2.242626e-01
1.690000e+01, 2.994685e-01, -2.980271e-01, -9.063655e-01, -7.346853e-01, 5.212371e-01, -4.342228e-01
17, 3.648501e-01, -4.822372e-01, -7.964494e-01, -4.518719e-01, 6.481010e-01, -6.130064e-01
1.710000e+01, 3.233521e-01, -6.639933e-01, -6.742079e-01, -1.150002e-01, 6.656108e-01, -7.373854e-01
1.720000e+01, 2.226794e-01, -8.172327e-01, -5.315492e-01, 2.265411e-01, 5.713975e-01, -7.887864e-01
1.730000e+01, 6.166108e-02, -9.084058e-01, -4.135175e-01, 5.274906e-01, 3.786046e-01, -7.605342e-01
1.740000e+01, -1.491595e-01, -9.280641e-01, -3.412456e-01, 7.449294e-01, 1.119293e-01, -6.576869e-01
1.750000e+01, -3.511608e-01, -8.874844e-01, -2.984252e-01, 8.496921e-01, -1.872745e-01, -4.929013e-01
1.760000e+01, -5.516151e-01, -7.768744e-01, -3.036231e-01, 8.277623e-01, -4.807835e-01, -2.892349e-01
1.770000e+01, -6.998412e-01, -6.186867e-01, -3.570000e-01, 6.800544e-01, -7.293328e-01, -7.483127e-02
1.780000e+01, -7.801109e-01, -4.353583e-01, -4.493219e-01, 4.285805e-01, -8.954502e-01, 1.203651e-01
1.790000e+01, -7.828080e-01, -2.444662e-01, -5.722307e-01, 1.096484e-01, -9.572726e-01, 2.675936e-01
18, -7.023907e-01, -8.440629e-02, -7.067694e-01, -2.361332e-01, -9.069093e-01, 3.489365e-01
1.810000e+01, -5.590666e-01, 2.339067e-02, -8.287928e-01, -5.584508e-01, -7.503780e-01, 3.536462e-01
1.820000e+01, -3.717551e-01, 8.302745e-02, -9.246105e-01, -8.144547e-01, -5.094156e-01, 2.777757e-01
1.830000e+01, -1.555974e-01, 6.882043e-02, -9.854203e-01, -9.661569e-01, -2.196459e-01, 1.352650e-01
1.840000e+01, 5.221874e-02, -1.287054e-02, -9.985527e-01, -9.949166e-01, 8.354236e-02, -5.622790e-02
1.850000e+01, 2.193825e-01, -1.572171e-01, -9.628884e-01, -8.957949e-01, 3.533143e-01, -2.696674e-01
1.860000e+01, 3.175901e-01, -3.456111e-01, -8.830003e-01, -6.831701e-01, 5.544224e-01, -4.752835e-01
1.870000e+01, 3.562123e-01, -5.207116e-01, -7.758687e-01, -3.840055e-01, 6.606582e-01, -6.450353e-01
1.880000e+01, 3.192148e-01, -7.010958e-01, -6.376257e-01, -4.255112e-02, 6.546684e-01, -7.547176e-01
1.890000e+01, 2.040313e-01, -8.342819e-01, -5.121961e-01, 2.937865e-01, 5.384690e-01, -7.897725e-01
19, 2.346423e-02, -9.140086e-01, -4.050158e-01, 5.806486e-01, 3.284184e-01, -7.449755e-01
1.910000e+01, -1.838561e-01, -9.269899e-01, -3.269354e-01, 7.767915e-01, 5.319774e-02, -6.275070e-01
1.920000e+01, -3.997231e-01, -8.689668e-01, -2.917502e-01, 8.565583e-01, -2.494944e-01, -4.517305e-01
1.930000e+01, -5.802856e-01, -7.505290e-01, -3.161880e-01, 8.071365e-01, -5.378006e-01, -2.435182e-01
1.940000e+01, -7.208011e-01, -5.909381e-01, -3.622678e-01, 6.357541e-01, -7.712521e-01, -3.141443e-02
1.950000e+01, -7.904371e-01, -3.985385e-01, -4.651626e-01, 3.673897e-01, -9.170172e-01, 1.552557e-01
1.960000e+01, -7.684721e-01, -2.150869e-01, -6.026510e-01, 3.781984e-02, -9.560774e-01, 2.906643e-01
1.970000e+01, -6.884128e-01, -5.414514e-02, -7.232954e-01, -3.072705e-01, -8.824827e-01, 3.561026e-01
1.980000e+01, -5.297514e-01, 4.402777e-02, -8.470094e-01, -6.186848e-01, -7.066621e-01, 3.433042e-01
1.990000e+01, -3.351296e-01, 7.156128e-02, -9.394504e-01, -8.552184e-01, -4.521678e-01, 2.532703e-01
20, -1.057679e-01, 5.603055e-02, -9.928110e-01, -9.828372e-01, -1.561128e-01, 9.828491e-02
2.010000e+01, 8.628470e-02, -4.360988e-02, -9.953156e-01, -9.846394e-01, 1.431181e-01, -1.000124e-01
2.020000e+01, 2.396172e-01, -2.006688e-01, -9.499029e-01, -8.599577e-01, 4.016182e-01, -3.149216e-01
2.030000e+01, 3.446520e-01, -3.719269e-01, -8.619080e-01, -6.267310e-01, 5.849561e-01, -5.148152e-01
2.040000e+01, 3.533675e-01, -5.663868e-01, -7.445383e-01, -3.163032e-01, 6.684475e-01, -6.731495e-01
2.050000e+01, 2.939664e-01, -7.303139e-01, -6.166241e-01, 2.841281e-02, 6.386599e-01, -7.689644e-01
2.060000e+01, 1.698508e-01, -8.543374e-01, -4.911806e-01, 3.581992e-01, 5.014559e-01, -7.875502e-01
2.070000e+01, -1.997353e-02, -9.227814e-01, -3.848059e-01, 6.305556e-01, 2.746058e-01, -7.259417e-01
2.080000e+01, -2.291950e-01, -9.198847e-01, -3.182479e-01, 8.041216e-01, -1.013816e-02, -5.943784e-01
2.090000e+01, -4.463928e-01, -8.456169e-01, -2.926867e-01, 8.568464e-01, -3.124527e-01, -4.101068e-01
21, -6.240319e-01, -7.173451e-01, -3.098389e-01, 7.805672e-01, -5.926428e-01, -1.987195e-01
2.110000e+01, -7.408654e-01, -5.487627e-01, -3.872698e-01, 5.877611e-01, -8.089736e-01, 9.931456e-03
2.120000e+01, -7.872587e-01, -3.557318e-01, -5.036653e-01, 3.032144e-01, -9.340191e-01, 1.888631e-01
2.130000e+01, -7.602847e-01, -1.849355e-01, -6.227087e-01, -3.477002e-02, -9.499990e-01, 3.103109e-01
2.140000e+01, -6.554324e-01, -3.193206e-02, -7.545785e-01, -3.765949e-01, -8.533669e-01, 3.604736e-01
2.150000e+01, -4.829743e-01, 5.462589e-02, -8.739290e-01, -6.754379e-01, -6.589268e-01, 3.310574e-01
2.160000e+01, -2.779092e-01, 7.498136e-02, -9.576765e-01, -8.911973e-01, -3.939030e-01, 2.249619e-01
2.170000e+01, -7.156183e-02, 2.748485e-02, -9.970574e-01, -9.938453e-01, -9.302630e-02, 6.014645e-02
2.180000e+01, 1.166621e-01, -7.742180e-02, -9.901494e-01, -9.690038e-01, 2.008211e-01, -1.438836e-01
2.190000e+01, 2.669694e-01, -2.323040e-01, -9.352872e-01, -8.190639e-01, 4.481548e-01, -3.581782e-01
22, 3.563234e-01, -4.175924e-01, -8.358530e-01, -5.672128e-01, 6.117382e-01, -5.514037e-01
2.210000e+01, 3.479441e-01, -6.050850e-01, -7.161054e-01, -2.459573e-01, 6.718036e-01, -6.987023e-01
2.220000e+01, 2.740719e-01, -7.639016e-01, -5.842422e-01, 9.997341e-02, 6.194641e-01, -7.786332e-01
2.230000e+01, 1.280610e-01, -8.817260e-01, -4.540480e-01, 4.207711e-01, 4.612357e-01, -7.811615e-01
2.240000e+01, -6.646506e-02, -9.278397e-01, -3.670095e-01, 6.745167e-01, 2.187545e-01, -7.051054e-01
2.250000e+01, -2.792515e-01, -9.092272e-01, -3.087466e-01, 8.251982e-01, -7.157017e-02, -5.602907e-01
2.260000e+01, -4.855203e-01, -8.221189e-01, -2.973056e-01, 8.508116e-01, -3.742237e-01, -3.688851e-01
2.270000e+01, -6.486337e-01, -6.870961e-01, -3.273732e-01, 7.501088e-01, -6.429606e-01, -1.547206e-01
2.280000e+01, -7.524034e-01, -5.167114e-01, -4.085321e-01, 5.345365e-01, -8.436404e-01, 5.041432e-02
2.290000e+01, -7.950006e-01, -3.213215e-01, -5.145159e-01, 2.355690e-01, -9.469034e-01, 2.188178e-01
23, -7.421059e-01, -1.557206e-01, -6.519432e-01, -1.062499e-01, -9.387584e-01, 3.277860e-01
2.310000e+01, -6.196870e-01, -1.174693e-02, -7.847611e-01, -4.435703e-01, -8.203903e-01, 3.608396e-01
2.320000e+01, -4.484628e-01, 6.363518e-02, -8.915333e-01, -7.284596e-01, -6.086101e-01, 3.145478e-01
2.330000e+01, -2.428962e-01, 8.073972e-02, -9.666864e-01, -9.226714e-01, -3.325322e-01, 1.951916e-01
2.340000e+01, -2.776929e-02, 2.042761e-02, -9.994056e-01, -9.993457e-01, -3.020588e-02, 1.989397e-02
2.350000e+01, 1.639482e-01, -1.087866e-01, -9.804522e-01, -9.478971e-01, 2.566277e-01, -1.887677e-01
2.360000e+01, 2.975932e-01, -2.760971e-01, -9.138975e-01, -7.746483e-01, 4.894591e-01, -4.004371e-01
2.370000e+01, 3.644173e-01, -4.589447e-01, -8.102900e-01, -5.045274e-01, 6.334745e-01, -5.866534e-01
2.380000e+01, 3.350839e-01, -6.369833e-01, -6.942414e-01, -1.745574e-01, 6.701982e-01, -7.213627e-01
2.390000e+01, 2.496595e-01, -7.958672e-01, -5.516027e-01, 1.702473e-01, 5.949030e-01, -7.855611e-01
24, 9.691879e-02, -8.901307e-01, -4.452798e-01, 4.807339e-01, 4.165408e-01, -7.716143e-01
2.410000e+01, -1.027840e-01, -9.312916e-01, -3.494730e-01, 7.154910e-01, 1.621323e-01, -6.795482e-01
2.420000e+01, -3.297558e-01, -8.944389e-01, -3.020598e-01, 8.410130e-01, -1.348345e-01, -5.239434e-01
2.430000e+01, -5.236502e-01, -8.013819e-01, -2.890977e-01, 8.408259e-01, -4.334268e-01, -3.242730e-01
2.440000e+01, -6.705193e-01, -6.531884e-01, -3.517795e-01, 7.138979e-01, -6.913992e-01, -1.109815e-01
2.450000e+01, -7.705114e-01, -4.737950e-01, -4.264158e-01, 4.783618e-01, -8.735995e-01, 8.940871e-02
2.460000e+01, -7.892562e-01, -2.827374e-01, -5.451002e-01, 1.660879e-01, -9.547035e-01, 2.468928e-01
2.470000e+01, -7.198330e-01, -1.110284e-01, -6.852103e-01, -1.776559e-01, -9.231246e-01, 3.409975e-01
2.480000e+01, -5.913259e-01, 1.205917e-02, -8.063425e-01, -5.084304e-01, -7.832193e-01, 3.578632e-01
2.490000e+01, -4.096824e-01, 7.613070e-02, -9.090459e-01, -7.767966e-01, -5.559940e-01, 2.957325e-01
25, -1.942447e-01, 7.251976e-02, -9.782688e-01, -9.489429e-01, -2.700316e-01, 1.630651e-01
2.510000e+01, 1.295056e-02, -1.335301e-03, -9.999152e-01, -9.992540e-01, 3.230611e-02, -2.116244e-02
2.520000e+01, 1.979170e-01, -1.277533e-01, -9.718580e-01, -9.214995e-01, 3.104828e-01, -2.333219e-01
2.530000e+01, 3.021089e-01, -3.128098e-01, -9.004889e-01, -7.251543e-01, 5.279830e-01, -4.420240e-01
2.540000e+01, 3.603448e-01, -4.962394e-01, -7.898722e-01, -4.399038e-01, 6.500287e-01, -6.196349e-01
2.550000e+01, 3.282737e-01, -6.743041e-01, -6.614759e-01, -1.019502e-01, 6.634351e-01, -7.412557e-01
2.560000e+01, 2.137467e-01, -8.217606e-01, -5.282252e-01, 2.389225e-01, 5.653422e-01, -7.894962e-01
2.570000e+01, 6.160610e-02, -9.065374e-01, -4.176059e-01, 5.367682e-01, 3.693092e-01, -7.586110e-01
2.580000e+01, -1.453756e-01, -9.344405e-01, -3.250952e-01, 7.509285e-01, 1.028657e-01, -6.523228e-01
2.590000e+01, -3.623099e-01, -8.858373e-01, -2.898687e-01, 8.515051e-01, -1.981702e-01, -4.854561e-01
26, -5.531301e-01, -7.768661e-01, -3.008757e-01, 8.239850e-01, -4.921021e-01, -2.808632e-01
2.610000e+01, -6.999425e-01, -6.152131e-01, -3.627579e-01, 6.723834e-01, -7.371575e-01, -6.707696e-02
2.620000e+01, -7.867778e-01, -4.241415e-01, -4.484246e-01, 4.185570e-01, -8.992505e-01, 1.271163e-01
2.630000e+01, -7.831310e-01, -2.395755e-01, -5.738548e-01, 9.630372e-02, -9.573643e-01, 2.723585e-01
2.640000e+01, -6.983243e-01, -7.999076e-02, -7.112979e-01, -2.488251e-01, -9.026926e-01, 3.510444e-01
2.650000e+01, -5.640786e-01, 3.607950e-02, -8.249325e-01, -5.696926e-01, -7.425787e-01, 3.521751e-01
2.660000e+01, -3.567388e-01, 7.915236e-02, -9.308450e-01, -8.220702e-01, -4.997388e-01, 2.728768e-01
2.670000e+01, -1.476912e-01, 5.721963e-02, -9.873769e-01, -9.697745e-01, -2.079684e-01, 1.276190e-01
2.680000e+01, 5.331867e-02, -3.007144e-02, -9.981247e-01, -9.934783e-01, 9.417079e-02, -6.428619e-02
2.690000e+01, 2.194892e-01, -1.685166e-01, -9.609509e-01, -8.898112e-01, 3.621374e-01, -2.776555e-01
27, 3.345530e-01, -3.450959e-01, -8.769168e-01, -6.724736e-01, 5.612481e-01, -4.824726e-01
2.710000e+01, 3.545815e-01, -5.399259e-01, -7.633819e-01, -3.724262e-01, 6.624056e-01, -6.500135e-01
2.720000e+01, 3.125094e-01, -7.027586e-01, -6.391152e-01, -2.990818e-02, 6.519041e-01, -7.577114e-01
2.730000e+01, 1.861352e-01, -8.368020e-01, -5.148942e-01, 3.056133e-01, 5.326437e-01, -7.892345e-01
2.740000e+01, 4.606404e-03, -9.209293e-01, -3.897025e-01, 5.892681e-01, 3.192329e-01, -7.421951e-01
2.750000e+01, -1.992852e-01, -9.283357e-01, -3.138123e-01, 7.826594e-01, 4.169594e-02, -6.210521e-01
2.760000e+01, -4.087544e-01, -8.646719e-01, -2.919971e-01, 8.565317e-01, -2.615721e-01, -4.448971e-01
2.770000e+01, -5.868440e-01, -7.465521e-01, -3.134869e-01, 8.030684e-01, -5.471695e-01, -2.359803e-01
2.780000e+01, -7.292138e-01, -5.787946e-01, -3.650261e-01, 6.279277e-01, -7.778621e-01, -2.524596e-02
2.790000e+01, -7.895522e-01, -3.823557e-01, -4.800119e-01, 3.560154e-01, -9.204263e-01, 1.614573e-01
28, -7.758848e-01, -2.117196e-01, -5.942874e-01, 2.534880e-02, -9.554528e-01, 2.940533e-01
2.810000e+01, -6.775569e-01, -5.147667e-02, -7.336667e-01, -3.194677e-01, -8.777589e-01, 3.570430e-01
2.820000e+01, -5.148139e-01, 4.541894e-02, -8.560980e-01, -6.299125e-01, -6.975380e-01, 3.415421e-01
2.830000e+01, -3.221712e-01, 8.698519e-02, -9.426767e-01, -8.620086e-01, -4.419179e-01, 2.482937e-01
2.840000e+01, -9.978054e-02, 4.686063e-02, -9.939054e-01, -9.852443e-01, -1.444907e-01, 9.173926e-02
2.850000e+01, 1.003158e-01, -5.668994e-02, -9.933393e-01, -9.822718e-01, 1.527410e-01, -1.086843e-01
2.860000e+01, 2.471749e-01, -2.074619e-01, -9.465010e-01, -8.526503e-01, 4.108834e-01, -3.227419e-01
2.870000e+01, 3.477194e-01, -3.857597e-01, -8.545646e-01, -6.163853e-01, 5.898551e-01, -5.216706e-01
2.880000e+01, 3.517945e-01, -5.686656e-01, -7.435456e-01, -3.032254e-01, 6.697947e-01, -6.778122e-01
2.890000e+01, 2.863856e-01, -7.428474e-01, -6.051123e-01, 4.165218e-02, 6.356059e-01, -7.708893e-01
29, 1.585984e-01, -8.589415e-01, -4.868942e-01, 3.705508e-01, 4.939940e-01, -7.865507e-01
2.910000e+01, -2.354246e-02, -9.288524e-01, -3.697013e-01, 6.383980e-01, 2.643551e-01, -7.228861e-01
2.920000e+01, -2.321470e-01, -9.240908e-01, -3.035851e-01, 8.075107e-01, -2.056278e-02, -5.894944e-01
2.930000e+01, -4.505188e-01, -8.465922e-01, -2.833981e-01, 8.562361e-01, -3.234795e-01, -4.027664e-01
2.940000e+01, -6.217896e-01, -7.168241e-01, -3.155012e-01, 7.755320e-01, -6.016625e-01, -1.911869e-01
2.950000e+01, -7.434132e-01, -5.452322e-01, -3.873741e-01, 5.777713e-01, -8.160360e-01, 1.629585e-02
2.960000e+01, -7.923937e-01, -3.464066e-01, -5.021102e-01, 2.910760e-01, -9.369317e-01, 1.934781e-01
2.970000e+01, -7.590727e-01, -1.758076e-01, -6.268176e-01, -4.671394e-02, -9.485207e-01, 3.132511e-01
2.980000e+01, -6.501161e-01, -3.167736e-02, -7.591743e-01, -3.876467e-01, -8.483726e-01, 3.605468e-01
2.990000e+01, -4.751746e-01, 5.011543e-02, -8.784632e-01, -6.858783e-01, -6.494739e-01, 3.282599e-01
30, -2.801710e-01, 8.901904e-02, -9.558137e-01, -8.972075e-01, -3.826210e-01, 2.204992e-01
3.010000e+01, -5.737081e-02, 3.572704e-02, -9.977135e-01, -9.952589e-01, -8.151258e-02, 5.305969e-02
3.020000e+01, 1.368026e-01, -8.387291e-02, -9.870412e-01, -9.655016e-01, 2.112309e-01, -1.522764e-01
3.030000e+01, 2.741566e-01, -2.375787e-01, -9.318769e-01, -8.121916e-01, 4.545527e-01, -3.656866e-01
3.040000e+01, 3.462244e-01, -4.240361e-01, -8.368525e-01, -5.559577e-01, 6.167296e-01, -5.572751e-01
3.050000e+01, 3.478043e-01, -6.022316e-01, -7.185745e-01, -2.334177e-01, 6.722018e-01, -7.026101e-01
3.060000e+01, 2.758956e-01, -7.702766e-01, -5.749396e-01, 1.127619e-01, 6.147296e-01, -7.806358e-01
3.070000e+01, 1.274151e-01, -8.804643e-01, -4.566705e-01, 4.331739e-01, 4.528265e-01, -7.793001e-01
3.080000e+01, -7.665651e-02, -9.274352e-01, -3.660434e-01, 6.820274e-01, 2.100042e-01, -7.005261e-01
3.090000e+01, -2.804858e-01, -9.084661e-01, -3.098662e-01, 8.281292e-01, -8.340207e-02, -5.542979e-01
31, -4.952248e-01, -8.175144e-01, -2.939772e-01, 8.497195e-01, -3.840871e-01, -3.611839e-01
3.110000e+01, -6.582802e-01, -6.774688e-01, -3.281816e-01, 7.431545e-01, -6.526564e-01, -1.475160e-01
3.120000e+01, -7.615704e-01, -5.042833e-01, -4.070735e-01, 5.246330e-01, -8.494009e-01, 5.725670e-02
3.130000e+01, -7.905848e-01, -3.172898e-01, -5.237393e-01, 2.236603e-01, -9.487251e-01, 2.233759e-01
3.140000e+01, -7.421173e-01, -1.374677e-01, -6.560217e-01, -1.181009e-01, -9.363909e-01, 3.304910e-01
3.150000e+01, -6.175899e-01, -1.517218e-02, -7.863540e-01, -4.543010e-01, -8.143600e-01, 3.611487e-01
3.160000e+01, -4.359398e-01, 7.211787e-02, -8.970816e-01, -7.377653e-01, -5.988685e-01, 3.115428e-01
3.170000e+01, -2.243168e-01, 7.990514e-02, -9.712349e-01, -9.276811e-01, -3.208448e-01, 1.909617e-01
3.180000e+01, -1.428059e-02, 1.131479e-02, -9.998340e-01, -9.997495e-01, -1.805117e-02, 1.323331e-02
3.190000e+01, 1.607190e-01, -1.084945e-01, -9.810190e-01, -9.432272e-01, 2.675643e-01, -1.968042e-01
32, 3.039032e-01, -2.714940e-01, -9.131998e-01, -7.660743e-01, 4.967409e-01, -4.078955e-01
3.210000e+01, 3.577052e-01, -4.605187e-01, -8.123851e-01, -4.931484e-01, 6.362820e-01, -5.932536e-01
3.220000e+01, 3.386790e-01, -6.430105e-01, -6.869018e-01, -1.615404e-01, 6.697011e-01, -7.248483e-01
3.230000e+01, 2.408463e-01, -7.983021e-01, -5.520025e-01, 1.819374e-01, 5.894860e-01, -7.870229e-01
3.240000e+01, 8.321110e-02, -8.945936e-01, -4.390652e-01, 4.916624e-01, 4.080173e-01, -7.692789e-01
3.250000e+01, -1.124970e-01, -9.343044e-01, -3.382599e-01, 7.216372e-01, 1.519851e-01, -6.753816e-01
3.260000e+01, -3.273663e-01, -8.965368e-01, -2.984176e-01, 8.437689e-01, -1.467638e-01, -5.162503e-01
3.270000e+01, -5.266569e-01, -7.949397e-01, -3.011700e-01, 8.380206e-01, -4.445181e-01, -3.164256e-01
3.280000e+01, -6.858244e-01, -6.395878e-01, -3.472352e-01, 7.066769e-01, -7.000218e-01, -1.028455e-01
3.290000e+01, -7.790865e-01, -4.604208e-01, -4.254843e-01, 4.681927e-01, -8.784247e-01, 9.573748e-02
33, -7.902873e-01, -2.773071e-01, -5.463944e-01, 1.531398e-01, -9.555921e-01, 2.517774e-01
3.310000e+01, -7.216655e-01, -1.047035e-01, -6.842778e-01, -1.911967e-01, -9.198175e-01, 3.426070e-01
3.320000e+01, -5.808859e-01, 1.356543e-02, -8.138720e-01, -5.194049e-01, -7.762826e-01, 3.572168e-01
3.330000e+01, -3.953942e-01, 7.103486e-02, -9.157606e-01, -7.854953e-01, -5.451776e-01, 2.928798e-01
3.340000e+01, -1.914915e-01, 6.525801e-02, -9.793224e-01, -9.531527e-01, -2.590253e-01, 1.562239e-01
3.350000e+01, 2.871377e-02, -1.458665e-02, -9.994812e-01, -9.986048e-01, 4.392912e-02, -2.930498e-02
3.360000e+01, 1.882005e-01, -1.445509e-01, -9.714348e-01, -9.161307e-01, 3.207193e-01, -2.405072e-01
3.370000e+01, 3.208245e-01, -3.068938e-01, -8.960401e-01, -7.169787e-01, 5.327755e-01, -4.495462e-01
3.380000e+01, 3.543613e-01, -5.069549e-01, -7.857638e-01, -4.280638e-01, 6.525226e-01, -6.252805e-01
3.390000e+01, 3.213823e-01, -6.804361e-01, -6.585743e-01, -8.886505e-02, 6.615451e-01, -7.446214e-01
34, 2.143116e-01, -8.187381e-01, -5.326711e-01, 2.503255e-01, 5.593323e-01, -7.902433e-01
3.410000e+01, 4.467801e-02, -9.126931e-01, -4.061961e-01, 5.470236e-01, 3.597996e-01, -7.558502e-01
3.420000e+01, -1.568381e-01, -9.330394e-01, -3.237891e-01, 7.573568e-01, 9.142293e-02, -6.465698e-01
3.430000e+01, -3.802605e-01, -8.770420e-01, -2.935973e-01, 8.526879e-01, -2.101090e-01, -4.783069e-01
3.440000e+01, -5.701747e-01, -7.676230e-01, -2.926700e-01, 8.207074e-01, -5.025073e-01, -2.718930e-01
3.450000e+01, -7.112944e-01, -6.028910e-01, -3.613623e-01, 6.654202e-01, -7.440378e-01, -6.019637e-02
3.460000e+01, -7.791710e-01, -4.315191e-01, -4.546249e-01, 4.065575e-01, -9.039659e-01, 1.325018e-01
3.470000e+01, -7.839055e-01, -2.386427e-01, -5.731857e-01, 8.353858e-02, -9.573737e-01, 2.765084e-01
3.480000e+01, -6.968767e-01, -7.781297e-02, -7.129573e-01, -2.620067e-01, -8.987682e-01, 3.515227e-01
3.490000e+01, -5.549327e-01, 2.886721e-02, -8.313942e-01, -5.807985e-01, -7.349485e-01, 3.500341e-01
35, -3.564175e-01, 8.961576e-02, -9.300191e-01, -8.293697e-01, -4.893476e-01, 2.696012e-01
3.510000e+01, -1.494528e-01, 6.541081e-02, -9.866029e-01, -9.731648e-01, -1.956797e-01, 1.210776e-01
3.520000e+01, 5.414457e-02, -3.560241e-02, -9.978982e-01, -9.918922e-01, 1.044923e-01, -7.232729e-02
3.530000e+01, 2.206700e-01, -1.795587e-01, -9.586779e-01, -8.835921e-01, 3.714421e-01, -2.851241e-01
3.540000e+01, 3.281592e-01, -3.438619e-01, -8.798128e-01, -6.628524e-01, 5.665565e-01, -4.895308e-01
3.550000e+01, 3.654831e-01, -5.443785e-01, -7.550326e-01, -3.606917e-01, 6.638150e-01, -6.551726e-01
3.560000e+01, 3.009327e-01, -7.189941e-01, -6.264878e-01, -1.792839e-02, 6.501383e-01, -7.596044e-01
3.570000e+01, 1.849006e-01, -8.435072e-01, -5.042889e-01, 3.177804e-01, 5.260170e-01, -7.888737e-01
3.580000e+01, -6.356893e-05, -9.196956e-01, -3.926321e-01, 5.983585e-01, 3.090736e-01, -7.392162e-01
3.590000e+01, -2.089596e-01, -9.264413e-01, -3.131174e-01, 7.873095e-01, 3.030375e-02, -6.158129e-01
36, -4.186115e-01, -8.603005e-01, -2.909424e-01, 8.571494e-01, -2.718458e-01, -4.374869e-01
3.610000e+01, -5.949396e-01, -7.393286e-01, -3.153414e-01, 7.975728e-01, -5.584379e-01, -2.280892e-01
3.620000e+01, -7.346896e-01, -5.696807e-01, -3.683681e-01, 6.191093e-01, -7.851214e-01, -1.696869e-02
3.630000e+01, -7.905665e-01, -3.791729e-01, -4.808665e-01, 3.437629e-01, -9.239226e-01, 1.679111e-01
3.640000e+01, -7.726161e-01, -2.051548e-01, -6.008127e-01, 1.242485e-02, -9.545351e-01, 2.978395e-01
3.650000e+01, -6.779439e-01, -5.602964e-02, -7.329753e-01, -3.320918e-01, -8.726052e-01, 3.581554e-01
3.660000e+01, -5.188107e-01, 4.722218e-02, -8.535839e-01, -6.397060e-01, -6.892953e-01, 3.400708e-01
3.670000e+01, -3.053979e-01, 7.946335e-02, -9.489034e-01, -8.684957e-01, -4.320241e-01, 2.430440e-01
3.680000e+01, -1.058957e-01, 4.136014e-02, -9.935167e-01, -9.874779e-01, -1.337178e-01, 8.370727e-02
3.690000e+01, 1.027886e-01, -5.149653e-02, -9.933693e-01, -9.795673e-01, 1.648064e-01, -1.152686e-01
37, 2.511021e-01, -2.070469e-01, -9.455577e-01, -8.457283e-01, 4.186800e-01, -3.308333e-01
3.710000e+01, 3.395930e-01, -3.952827e-01, -8.534800e-01, -6.050392e-01, 5.959701e-01, -5.279652e-01
3.720000e+01, 3.513179e-01, -5.721330e-01, -7.411070e-01, -2.907731e-01, 6.706659e-01, -6.823916e-01
3.730000e+01, 2.938291e-01, -7.470809e-01, -5.962673e-01, 5.360793e-02, 6.320162e-01, -7.730988e-01
3.740000e+01, 1.436089e-01, -8.641052e-01, -4.823885e-01, 3.819967e-01, 4.877107e-01, -7.849948e-01
3.750000e+01, -3.684373e-02, -9.294240e-01, -3.671697e-01, 6.461109e-01, 2.557132e-01, -7.191325e-01
3.760000e+01, -2.518766e-01, -9.170259e-01, -3.092276e-01, 8.117920e-01, -3.206237e-02, -5.830659e-01
3.770000e+01, -4.552197e-01, -8.397793e-01, -2.958815e-01, 8.553044e-01, -3.344104e-01, -3.957576e-01
3.780000e+01, -6.362909e-01, -7.035246e-01, -3.165233e-01, 7.703636e-01, -6.107209e-01, -1.831936e-01
3.790000e+01, -7.468208e-01, -5.329272e-01, -3.978032e-01, 5.680668e-01, -8.226194e-01, 2.444351e-02
38, -7.905340e-01, -3.462562e-01, -5.051362e-01, 2.780826e-01, -9.394282e-01, 2.003617e-01
3.810000e+01, -7.535299e-01, -1.615957e-01, -6.372436e-01, -6.026984e-02, -9.463227e-01, 3.175546e-01
3.820000e+01, -6.447949e-01, -2.382623e-02, -7.639842e-01, -4.009644e-01, -8.416929e-01, 3.616359e-01
3.830000e+01, -4.719802e-01, 5.244516e-02, -8.800479e-01, -6.949961e-01, -6.411246e-01, 3.254837e-01
3.840000e+01, -2.660536e-01, 8.931924e-02, -9.598112e-01, -9.034367e-01, -3.711476e-01, 2.145962e-01
3.850000e+01, -6.179680e-02, 2.952088e-02, -9.976521e-01, -9.965302e-01, -6.910155e-02, 4.639616e-02
3.860000e+01, 1.372560e-01, -8.816190e-02, -9.866044e-01, -9.620541e-01, 2.214076e-01, -1.594697e-01
3.870000e+01, 2.820976e-01, -2.414572e-01, -9.285038e-01, -8.037920e-01, 4.638662e-01, -3.724869e-01
3.880000e+01, 3.561192e-01, -4.299167e-01, -8.296691e-01, -5.450608e-01, 6.195362e-01, -5.648749e-01
3.890000e+01, 3.477231e-01, -6.202615e-01, -7.031105e-01, -2.194762e-01, 6.717331e-01, -7.075343e-01
39, 2.626621e-01, -7.731578e-01, -5.772657e-01, 1.244511e-01, 6.106973e-01, -7.820235e-01
3.910000e+01, 1.174405e-01, -8.823674e-01, -4.556703e-01, 4.427790e-01, 4.452321e-01, -7.782770e-01
3.920000e+01, -7.871886e-02, -9.302907e-01, -3.582771e-01, 6.897653e-01, 1.979061e-01, -6.964604e-01
3.930000e+01, -2.996138e-01, -9.046299e-01, -3.031111e-01, 8.317317e-01, -9.516596e-02, -5.469605e-01
3.940000e+01, -4.998509e-01, -8.135764e-01, -2.970564e-01, 8.482710e-01, -3.952515e-01, -3.524381e-01
3.950000e+01, -6.608072e-01, -6.742299e-01, -3.297696e-01, 7.369573e-01, -6.614941e-01, -1.389949e-01
3.960000e+01, -7.662257e-01, -4.949123e-01, -4.098291e-01, 5.151593e-01, -8.547209e-01, 6.374153e-02
3.970000e+01, -7.909841e-01, -2.994707e-01, -5.335368e-01, 2.109395e-01, -9.502641e-01, 2.291346e-01
3.980000e+01, -7.405331e-01, -1.300557e-01, -6.593150e-01, -1.326307e-01, -9.335099e-01, 3.331191e-01
3.990000e+01, -6.111605e-01, 6.661292e-03, -7.914786e-01, -4.661809e-01, -8.076550e-01, 3.610661e-01
40, -4.266909e-01, 6.891445e-02, -9.017681e-01, -7.460651e-01, -5.899003e-01, 3.088762e-01
4.010000e+01, -2.195611e-01, 7.114480e-02, -9.730012e-01, -9.328346e-01, -3.094148e-01, 1.846133e-01
4.020000e+01, -4.670936e-03, 1.046730e-02, -9.999343e-01, -9.999694e-01, -6.216451e-03, 4.745492e-03
4.030000e+01, 1.710489e-01, -1.232354e-01, -9.775251e-01, -9.388202e-01, 2.770966e-01, -2.045339e-01
4.040000e+01, 2.908326e-01, -2.874566e-01, -9.125706e-01, -7.577343e-01, 5.031273e-01, -4.155739e-01
4.050000e+01, 3.563746e-01, -4.653237e-01, -8.102290e-01, -4.817362e-01, 6.398948e-01, -5.987194e-01
4.060000e+01, 3.381099e-01, -6.522239e-01, -6.784436e-01, -1.486264e-01, 6.679734e-01, -7.291925e-01
4.070000e+01, 2.339015e-01, -7.989922e-01, -5.539870e-01, 1.956585e-01, 5.842064e-01, -7.876679e-01
4.080000e+01, 7.507237e-02, -9.028340e-01, -4.233851e-01, 5.016932e-01, 4.005880e-01, -7.667028e-01
4.090000e+01, -1.225286e-01, -9.309951e-01, -3.438529e-01, 7.290388e-01, 1.405226e-01, -6.698924e-01
41, -3.379335e-01, -8.920112e-01, -3.001948e-01, 8.453820e-01, -1.586690e-01, -5.100523e-01
4.110000e+01, -5.328762e-01, -7.915129e-01, -2.992496e-01, 8.357592e-01, -4.542271e-01, -3.085197e-01
4.120000e+01, -6.890648e-01, -6.357460e-01, -3.478746e-01, 6.998677e-01, -7.079488e-01, -9.483542e-02
4.130000e+01, -7.797655e-01, -4.549092e-01, -4.301434e-01, 4.565100e-01, -8.838807e-01, 1.017520e-01
4.140000e+01, -7.908880e-01, -2.682190e-01, -5.500497e-01, 1.412037e-01, -9.563872e-01, 2.557048e-01
4.150000e+01, -7.135722e-01, -1.085657e-01, -6.921186e-01, -2.036882e-01, -9.162217e-01, 3.450347e-01
4.160000e+01, -5.851014e-01, 1.414487e-02, -8.108367e-01, -5.298873e-01, -7.695378e-01, 3.564142e-01
4.170000e+01, -3.984453e-01, 8.064791e-02, -9.136396e-01, -7.935804e-01, -5.354200e-01, 2.890597e-01
4.180000e+01, -1.853137e-01, 7.470514e-02, -9.798357e-01, -9.570317e-01, -2.477918e-01, 1.506302e-01
4.190000e+01, 2.069162e-02, -8.801521e-03, -9.997472e-01, -9.978416e-01, 5.448439e-02, -3.665453e-02
42, 2.073694e-01, -1.436575e-01, -9.676572e-01, -9.104205e-01, 3.303677e-01, -2.489814e-01
4.210000e+01, 3.075306e-01, -3.274483e-01, -8.934218e-01, -7.073876e-01, 5.398491e-01, -4.562518e-01
4.220000e+01, 3.679907e-01, -5.099484e-01, -7.775188e-01, -4.153854e-01, 6.558107e-01, -6.303707e-01
4.230000e+01, 3.201834e-01, -6.818816e-01, -6.576626e-01, -7.709769e-02, 6.604306e-01, -7.469186e-01
4.240000e+01, 2.033082e-01, -8.316573e-01, -5.167320e-01, 2.637408e-01, 5.535965e-01, -7.899188e-01
4.250000e+01, 4.587226e-02, -9.124666e-01, -4.065716e-01, 5.568722e-01, 3.523790e-01, -7.521452e-01
4.260000e+01, -1.738083e-01, -9.281200e-01, -3.292170e-01, 7.627188e-01, 8.068119e-02, -6.416780e-01
4.270000e+01, -3.803036e-01, -8.791765e-01, -2.870852e-01, 8.542169e-01, -2.219088e-01, -4.701808e-01
4.280000e+01, -5.747356e-01, -7.603761e-01, -3.025015e-01, 8.170714e-01, -5.121931e-01, -2.646745e-01
4.290000e+01, -7.079230e-01, -6.092572e-01, -3.572823e-01, 6.572000e-01, -7.519550e-01, -5.149592e-02
43, -7.875505e-01, -4.188473e-01, -4.520300e-01, 3.963913e-01, -9.074967e-01, 1.390099e-01
4.310000e+01, -7.811350e-01, -2.320429e-01, -5.796415e-01, 7.130490e-02, -9.572865e-01, 2.802110e-01
4.320000e+01, -6.949515e-01, -6.837142e-02, -7.157987e-01, -2.747073e-01, -8.943081e-01, 3.531982e-01
4.330000e+01, -5.387527e-01, 3.143079e-02, -8.418775e-01, -5.917414e-01, -7.266253e-01, 3.490812e-01
4.340000e+01, -3.480594e-01, 7.575292e-02, -9.344069e-01, -8.370539e-01, -4.784280e-01, 2.654195e-01
4.350000e+01, -1.258806e-01, 6.304921e-02, -9.900398e-01, -9.761751e-01, -1.840711e-01, 1.148912e-01
4.360000e+01, 7.212812e-02, -3.664726e-02, -9.967219e-01, -9.901926e-01, 1.148714e-01, -7.951804e-02
4.370000e+01, 2.239249e-01, -1.815482e-01, -9.575479e-01, -8.769424e-01, 3.800605e-01, -2.941532e-01
4.380000e+01, 3.350397e-01, -3.583285e-01, -8.714064e-01, -6.517560e-01, 5.728496e-01, -4.970487e-01
4.390000e+01, 3.600915e-01, -5.415539e-01, -7.596404e-01, -3.483637e-01, 6.657151e-01, -6.598986e-01
44, 3.117644e-01, -7.191685e-01, -6.209667e-01, -3.732598e-03, 6.471313e-01, -7.623694e-01
4.410000e+01, 1.768136e-01, -8.454190e-01, -5.039878e-01, 3.298741e-01, 5.189349e-01, -7.885998e-01
4.420000e+01, 4.728927e-03, -9.219645e-01, -3.872454e-01, 6.071371e-01, 2.998863e-01, -7.358348e-01
4.430000e+01, -2.139642e-01, -9.258745e-01, -3.114093e-01, 7.924224e-01, 1.961652e-02, -6.096573e-01
4.440000e+01, -4.276961e-01, -8.552616e-01, -2.925810e-01, 8.567453e-01, -2.842276e-01, -4.303512e-01
4.450000e+01, -6.019274e-01, -7.340850e-01, -3.143288e-01, 7.930643e-01, -5.679493e-01, -2.201877e-01
4.460000e+01, -7.341571e-01, -5.600833e-01, -3.838230e-01, 6.106181e-01, -7.918744e-01, -8.973075e-03
4.470000e+01, -7.898401e-01, -3.783382e-01, -4.827140e-01, 3.323020e-01, -9.269545e-01, 1.741573e-01
4.480000e+01, -7.658837e-01, -1.958784e-01, -6.124164e-01, -1.267691e-03, -9.533891e-01, 3.017409e-01
4.490000e+01, -6.681405e-01, -4.211800e-02, -7.428421e-01, -3.436306e-01, -8.675063e-01, 3.596538e-01
45, -5.132007e-01, 5.439870e-02, -8.565430e-01, -6.492192e-01, -6.813625e-01, 3.380230e-01
4.510000e+01, -3.001136e-01, 7.810984e-02, -9.507001e-01, -8.751294e-01, -4.205543e-01, 2.393379e-01
4.520000e+01, -8.814112e-02, 4.095949e-02, -9.952655e-01, -9.894281e-01, -1.222677e-01, 7.799083e-02
4.530000e+01, 1.144222e-01, -5.407089e-02, -9.919596e-01, -9.768532e-01, 1.748533e-01, -1.232242e-01
4.540000e+01, 2.594777e-01, -2.186726e-01, -9.406666e-01, -8.386287e-01, 4.268515e-01, -3.383782e-01
4.550000e+01, 3.415833e-01, -3.971781e-01, -8.518042e-01, -5.953117e-01, 6.005533e-01, -5.337975e-01
4.560000e+01, 3.571517e-01, -5.759086e-01, -7.353720e-01, -2.775426e-01, 6.706464e-01, -6.878979e-01
4.570000e+01, 2.886216e-01, -7.521931e-01, -5.923708e-01, 6.741047e-02, 6.293587e-01, -7.741857e-01
4.580000e+01, 1.413068e-01, -8.671192e-01, -4.776365e-01, 3.935592e-01, 4.803590e-01, -7.838153e-01
4.590000e+01, -4.389956e-02, -9.248390e-01, -3.778168e-01, 6.547139e-01, 2.452180e-01, -7.149950e-01
46, -2.525918e-01, -9.186783e-01, -3.036900e-01, 8.163749e-01, -4.284688e-02, -5.759307e-01
4.610000e+01, -4.629876e-01, -8.367120e-01, -2.924986e-01, 8.545077e-01, -3.460792e-01, -3.873574e-01
4.620000e+01, -6.361755e-01, -6.992446e-01, -3.260947e-01, 7.644057e-01, -6.206405e-01, -1.746119e-01
4.630000e+01, -7.534047e-01, -5.204397e-01, -4.019003e-01, 5.596515e-01, -8.281509e-01, 3.092418e-02
4.640000e+01, -7.867148e-01, -3.405836e-01, -5.148618e-01, 2.674792e-01, -9.414409e-01, 2.052896e-01
4.650000e+01, -7.575966e-01, -1.596216e-01, -6.329047e-01, -7.284474e-02, -9.444529e-01, 3.204722e-01
4.660000e+01, -6.402964e-01, -3.228701e-02, -7.674491e-01, -4.114476e-01, -8.365134e-01, 3.618786e-01
4.670000e+01, -4.741392e-01, 6.954744e-02, -8.776988e-01, -7.045717e-01, -6.321204e-01, 3.224943e-01
4.680000e+01, -2.636422e-01, 8.022570e-02, -9.612786e-01, -9.090383e-01, -3.598979e-01, 2.100545e-01
4.690000e+01, -5.230728e-02, 2.734686e-02, -9.982565e-01, -9.976047e-01, -5.809722e-02, 3.754480e-02
47, 1.466557e-01, -8.168857e-02, -9.858088e-01, -9.581725e-01, 2.312892e-01, -1.685550e-01
4.710000e+01, 2.879319e-01, -2.480787e-01, -9.249606e-01, -7.960497e-01, 4.698979e-01, -3.814457e-01
4.720000e+01, 3.550343e-01, -4.436121e-01, -8.228967e-01, -5.335251e-01, 6.249165e-01, -5.699389e-01
4.730000e+01, 3.453295e-01, -6.192740e-01, -7.051576e-01, -2.082454e-01, 6.717573e-01, -7.108980e-01
4.740000e+01, 2.648698e-01, -7.767838e-01, -5.713588e-01, 1.379759e-01, 6.060788e-01, -7.833461e-01
4.750000e+01, 1.055602e-01, -8.862758e-01, -4.509680e-01, 4.545832e-01, 4.382040e-01, -7.754556e-01
4.760000e+01, -9.251200e-02, -9.320327e-01, -3.503664e-01, 6.970915e-01, 1.878480e-01, -6.919368e-01
4.770000e+01, -3.032649e-01, -9.023946e-01, -3.061281e-01, 8.345052e-01, -1.060059e-01, -5.407068e-01
4.780000e+01, -4.974368e-01, -8.172968e-01, -2.908309e-01, 8.458271e-01, -4.062915e-01, -3.456933e-01
4.790000e+01, -6.660420e-01, -6.649764e-01, -3.379266e-01, 7.304081e-01, -6.703997e-01, -1.306457e-01
48, -7.711774e-01, -4.844896e-01, -4.129834e-01, 5.050620e-01, -8.600310e-01, 7.251906e-02
4.810000e+01, -7.875950e-01, -3.032120e-01, -5.364295e-01, 1.986693e-01, -9.517677e-01, 2.338134e-01
4.820000e+01, -7.371802e-01, -1.206246e-01, -6.648421e-01, -1.453003e-01, -9.311460e-01, 3.344471e-01
4.830000e+01, -6.009452e-01, 4.337430e-03, -7.992784e-01, -4.786179e-01, -8.012895e-01, 3.589709e-01
4.840000e+01, -4.196345e-01, 6.908664e-02, -9.050602e-01, -7.554323e-01, -5.798853e-01, 3.050493e-01
4.850000e+01, -2.074571e-01, 6.872689e-02, -9.758269e-01, -9.374742e-01, -2.992510e-01, 1.777382e-01
4.860000e+01, -1.150428e-02, 1.116041e-02, -9.998715e-01, -9.999886e-01, 3.839119e-03, -2.823176e-03
4.870000e+01, 1.808423e-01, -1.148388e-01, -9.767846e-01, -9.343784e-01, 2.862881e-01, -2.120756e-01
4.880000e+01, 3.047123e-01, -2.844069e-01, -9.089902e-01, -7.484325e-01, 5.102539e-01, -4.236624e-01
4.890000e+01, 3.646524e-01, -4.720377e-01, -8.026264e-01, -4.696409e-01, 6.435715e-01, -6.043618e-01
49, 3.298985e-01, -6.613923e-01, -6.735928e-01, -1.354199e-01, 6.676514e-01, -7.320540e-01
4.910000e+01, 2.310920e-01, -8.063409e-01, -5.444362e-01, 2.067877e-01, 5.800396e-01, -7.879041e-01
4.920000e+01, 7.733867e-02, -8.995479e-01, -4.299213e-01, 5.112780e-01, 3.921248e-01, -7.647438e-01
4.930000e+01, -1.384366e-01, -9.320899e-01, -3.347292e-01, 7.355900e-01, 1.302171e-01, -6.647938e-01
4.940000e+01, -3.432114e-01, -8.906403e-01, -2.982712e-01, 8.471224e-01, -1.696394e-01, -5.035931e-01
4.950000e+01, -5.359123e-01, -7.895742e-01, -2.989490e-01, 8.320326e-01, -4.659946e-01, -3.009499e-01
4.960000e+01, -6.873632e-01, -6.317186e-01, -3.584179e-01, 6.918077e-01, -7.167639e-01, -8.747355e-02
4.970000e+01, -7.797397e-01, -4.470069e-01, -4.383957e-01, 4.461586e-01, -8.882909e-01, 1.090036e-01
4.980000e+01, -7.900117e-01, -2.547539e-01, -5.576576e-01, 1.285542e-01, -9.569013e-01, 2.604108e-01
4.990000e+01, -7.186172e-01, -9.753129e-02, -6.885325e-01, -2.160674e-01, -9.126650e-01, 3.469256e-01
50, -5.776326e-01, 2.636197e-02, -8.158711e-01, -5.412103e-01, -7.623944e-01, 3.547482e-01
5.010000e+01, -3.763457e-01, 8.381101e-02, -9.226807e-01, -8.019686e-01, -5.251553e-01, 2.847073e-01
5.020000e+01, -1.686515e-01, 6.200252e-02, -9.837237e-01, -9.608240e-01, -2.361552e-01, 1.450788e-01
5.030000e+01, 3.052465e-02, -2.258306e-02, -9.992789e-01, -9.968204e-01, 6.620179e-02, -4.434497e-02
5.040000e+01, 2.106522e-01, -1.579977e-01, -9.647085e-01, -9.049199e-01, 3.391717e-01, -2.570654e-01
5.050000e+01, 3.231291e-01, -3.304279e-01, -8.867948e-01, -6.970070e-01, 5.459635e-01, -4.648710e-01
5.060000e+01, 3.488224e-01, -5.193501e-01, -7.801272e-01, -4.036099e-01, 6.570975e-01, -6.366489e-01
5.070000e+01, 3.225541e-01, -6.946747e-01, -6.429510e-01, -6.324343e-02, 6.583668e-01, -7.500356e-01
5.080000e+01, 2.016373e-01, -8.326572e-01, -5.157756e-01, 2.758039e-01, 5.478187e-01, -7.898272e-01
5.090000e+01, 2.920436e-02, -9.124407e-01, -4.081655e-01, 5.663860e-01, 3.421277e-01, -7.497703e-01
51, -1.721770e-01, -9.302480e-01, -3.240272e-01, 7.685547e-01, 6.924247e-02, -6.360261e-01
5.110000e+01, -3.947302e-01, -8.750900e-01, -2.800098e-01, 8.549009e-01, -2.324491e-01, -4.638015e-01
5.120000e+01, -5.749142e-01, -7.596071e-01, -3.040899e-01, 8.125897e-01, -5.228669e-01, -2.575038e-01
5.130000e+01, -7.164520e-01, -6.001042e-01, -3.557689e-01, 6.490035e-01, -7.595129e-01, -4.398435e-02
5.140000e+01, -7.878877e-01, -4.057169e-01, -4.632783e-01, 3.845300e-01, -9.114891e-01, 1.460285e-01
5.150000e+01, -7.815648e-01, -2.237805e-01, -5.823047e-01, 5.791748e-02, -9.570336e-01, 2.841342e-01
5.160000e+01, -6.852598e-01, -5.631012e-02, -7.261186e-01, -2.870877e-01, -8.897438e-01, 3.548755e-01
5.170000e+01, -5.363117e-01, 4.708458e-02, -8.427056e-01, -6.028554e-01, -7.185266e-01, 3.468212e-01
5.180000e+01, -3.427414e-01, 8.215036e-02, -9.358310e-01, -8.443043e-01, -4.680339e-01, 2.609490e-01
5.190000e+01, -1.333981e-01, 4.847072e-02, -9.898765e-01, -9.789901e-01, -1.727311e-01, 1.083622e-01
52, 7.895960e-02, -4.379613e-02, -9.959153e-01, -9.881477e-01, 1.261726e-01, -8.743293e-02
5.210000e+01, 2.445445e-01, -1.812862e-01, -9.525404e-01, -8.708670e-01, 3.884885e-01, -3.011101e-01
5.220000e+01, 3.322324e-01, -3.612676e-01, -8.712677e-01, -6.427791e-01, 5.775238e-01, -5.032905e-01
5.230000e+01, 3.617207e-01, -5.546073e-01, -7.493790e-01, -3.353180e-01, 6.673538e-01, -6.649817e-01
5.240000e+01, 3.068727e-01, -7.246661e-01, -6.169993e-01, 8.130004e-03, 6.442777e-01, -7.647484e-01
5.250000e+01, 1.771939e-01, -8.512585e-01, -4.939244e-01, 3.409820e-01, 5.123435e-01, -7.881849e-01
5.260000e+01, -2.012648e-03, -9.195468e-01, -3.929753e-01, 6.168407e-01, 2.892249e-01, -7.320222e-01
5.270000e+01, -2.278980e-01, -9.224903e-01, -3.115674e-01, 7.963688e-01, 7.217067e-03, -6.047683e-01
5.280000e+01, -4.280510e-01, -8.546022e-01, -2.939855e-01, 8.570258e-01, -2.959645e-01, -4.217959e-01
5.290000e+01, -6.072450e-01, -7.310780e-01, -3.110924e-01, 7.886828e-01, -5.768317e-01, -2.127077e-01
53, -7.371838e-01, -5.575289e-01, -3.817350e-01, 6.013103e-01, -7.990145e-01, -1.359057e-03
5.310000e+01, -7.870285e-01, -3.751310e-01, -4.897579e-01, 3.214274e-01, -9.299164e-01, 1.787176e-01
5.320000e+01, -7.632748e-01, -1.822126e-01, -6.198468e-01, -1.305316e-02, -9.521302e-01, 3.054140e-01
5.330000e+01, -6.614402e-01, -4.725379e-02, -7.485078e-01, -3.562627e-01, -8.624067e-01, 3.596270e-01
5.340000e+01, -5.048771e-01, 5.266619e-02, -8.615831e-01, -6.597600e-01, -6.729629e-01, 3.344214e-01
5.350000e+01, -2.991398e-01, 7.764715e-02, -9.510449e-01, -8.820672e-01, -4.093579e-01, 2.332027e-01
5.360000e+01, -7.431816e-02, 3.400214e-02, -9.966547e-01, -9.914663e-01, -1.095222e-01, 7.070738e-02
5.370000e+01, 1.204417e-01, -7.374528e-02, -9.899775e-01, -9.737239e-01, 1.855277e-01, -1.320649e-01
5.380000e+01, 2.670780e-01, -2.278510e-01, -9.363510e-01, -8.309076e-01, 4.357898e-01, -3.459476e-01
5.390000e+01, 3.480082e-01, -4.085586e-01, -8.437832e-01, -5.839827e-01, 6.053984e-01, -5.407929e-01
54, 3.532710e-01, -5.925395e-01, -7.239451e-01, -2.651951e-01, 6.718795e-01, -6.915558e-01
5.410000e+01, 2.849712e-01, -7.532657e-01, -5.927750e-01, 8.033963e-02, 6.254158e-01, -7.761447e-01
5.420000e+01, 1.385185e-01, -8.722738e-01, -4.689894e-01, 4.042860e-01, 4.721227e-01, -7.833601e-01
5.430000e+01, -5.971696e-02, -9.288704e-01, -3.655593e-01, 6.631083e-01, 2.346203e-01, -7.108028e-01
5.440000e+01, -2.635078e-01, -9.127261e-01, -3.122413e-01, 8.195966e-01, -5.444351e-02, -5.703484e-01
5.450000e+01, -4.657796e-01, -8.357613e-01, -2.907791e-01, 8.532604e-01, -3.563845e-01, -3.807058e-01
5.460000e+01, -6.443554e-01, -6.906580e-01, -3.283255e-01, 7.585617e-01, -6.297003e-01, -1.675163e-01
5.470000e+01, -7.572850e-01, -5.160500e-01, -4.002647e-01, 5.500382e-01, -8.341871e-01, 3.987290e-02
5.480000e+01, -7.914741e-01, -3.208276e-01, -5.202291e-01, 2.543957e-01, -9.440461e-01, 2.099043e-01
5.490000e+01, -7.442134e-01, -1.515781e-01, -6.505156e-01, -8.552864e-02, -9.422848e-01, 3.237040e-01
55, -6.401122e-01, -1.849853e-02, -7.680587e-01, -4.246756e-01, -8.301453e-01, 3.612608e-01
5.510000e+01, -4.528799e-01, 6.391570e-02, -8.892776e-01, -7.134947e-01, -6.232817e-01, 3.200707e-01
5.520000e+01, -2.436350e-01, 8.352673e-02, -9.662636e-01, -9.147260e-01, -3.486409e-01, 2.042689e-01
5.530000e+01, -4.470570e-02, 2.820567e-02, -9.986019e-01, -9.983873e-01, -4.716888e-02, 3.158797e-02
5.540000e+01, 1.442321e-01, -8.918615e-02, -9.855166e-01, -9.540986e-01, 2.417614e-01, -1.767689e-01
5.550000e+01, 2.803215e-01, -2.578676e-01, -9.246211e-01, -7.882032e-01, 4.773332e-01, -3.884440e-01
5.560000e+01, 3.508030e-01, -4.382043e-01, -8.275954e-01, -5.226919e-01, 6.279342e-01, -5.766210e-01
5.570000e+01, 3.470023e-01, -6.268635e-01, -6.975899e-01, -1.936943e-01, 6.715598e-01, -7.151852e-01
5.580000e+01, 2.536465e-01, -7.870003e-01, -5.624003e-01, 1.499874e-01, 6.017989e-01, -7.844373e-01
5.590000e+01, 1.079974e-01, -8.918210e-01, -4.393084e-01, 4.641556e-01, 4.295447e-01, -7.746296e-01
56, -9.121428e-02, -9.298226e-01, -3.565247e-01, 7.041020e-01, 1.779399e-01, -6.874430e-01
5.610000e+01, -3.133500e-01, -9.020466e-01, -2.968565e-01, 8.375119e-01, -1.175315e-01, -5.336292e-01
5.620000e+01, -5.070967e-01, -8.121608e-01, -2.885269e-01, 8.436652e-01, -4.174994e-01, -3.375252e-01
5.630000e+01, -6.736963e-01, -6.613306e-01, -3.298107e-01, 7.239913e-01, -6.788916e-01, -1.222410e-01
5.640000e+01, -7.733104e-01, -4.801557e-01, -4.140550e-01, 4.943939e-01, -8.656616e-01, 7.876982e-02
5.650000e+01, -7.911077e-01, -2.992340e-01, -5.334863e-01, 1.869496e-01, -9.527334e-01, 2.394763e-01
5.660000e+01, -7.356381e-01, -1.155144e-01, -6.674526e-01, -1.588267e-01, -9.279563e-01, 3.371516e-01
5.670000e+01, -5.991434e-01, 9.643570e-03, -8.005836e-01, -4.889151e-01, -7.950304e-01, 3.590106e-01
5.680000e+01, -4.111305e-01, 7.007414e-02, -9.088792e-01, -7.642460e-01, -5.702484e-01, 3.012388e-01
5.690000e+01, -2.085563e-01, 7.828744e-02, -9.748720e-01, -9.424008e-01, -2.868815e-01, 1.719878e-01
57, -1.646378e-04, 7.814736e-03, -9.999695e-01, -9.998399e-01, 1.519433e-02, -9.451905e-03
5.710000e+01, 1.802374e-01, -1.233660e-01, -9.758562e-01, -9.294117e-01, 2.958119e-01, -2.206563e-01
5.720000e+01, 3.079664e-01, -2.906048e-01, -9.059280e-01, -7.396314e-01, 5.167396e-01, -4.311909e-01
5.730000e+01, 3.508228e-01, -4.788998e-01, -8.047225e-01, -4.581509e-01, 6.456724e-01, -6.109049e-01
5.740000e+01, 3.325777e-01, -6.563618e-01, -6.771862e-01, -1.221825e-01, 6.663556e-01, -7.355554e-01
5.750000e+01, 2.288175e-01, -8.103139e-01, -5.394756e-01, 2.195297e-01, 5.737211e-01, -7.890822e-01
5.760000e+01, 6.517358e-02, -9.038412e-01, -4.228752e-01, 5.224126e-01, 3.827672e-01, -7.619543e-01
5.770000e+01, -1.455173e-01, -9.296122e-01, -3.385941e-01, 7.418719e-01, 1.194635e-01, -6.598140e-01
5.780000e+01, -3.592216e-01, -8.835454e-01, -3.005120e-01, 8.492482e-01, -1.805437e-01, -4.961667e-01
5.790000e+01, -5.435899e-01, -7.838758e-01, -3.000813e-01, 8.292189e-01, -4.759891e-01, -2.929683e-01
58, -6.998809e-01, -6.243451e-01, -3.469293e-01, 6.847683e-01, -7.243841e-01, -7.974979e-02
5.810000e+01, -7.794198e-01, -4.356275e-01, -4.502593e-01, 4.354815e-01, -8.926349e-01, 1.164427e-01
5.820000e+01, -7.868478e-01, -2.530137e-01, -5.628984e-01, 1.168084e-01, -9.569170e-01, 2.658301e-01
5.830000e+01, -7.127648e-01, -9.301260e-02, -6.952086e-01, -2.297965e-01, -9.088314e-01, 3.481652e-01
5.840000e+01, -5.691805e-01, 2.574425e-02, -8.218095e-01, -5.532180e-01, -7.540894e-01, 3.539760e-01
5.850000e+01, -3.697714e-01, 7.347341e-02, -9.262131e-01, -8.091848e-01, -5.163464e-01, 2.803683e-01
5.860000e+01, -1.605919e-01, 5.790486e-02, -9.853209e-01, -9.645677e-01, -2.249003e-01, 1.379459e-01
5.870000e+01, 4.956403e-02, -2.337203e-02, -9.984974e-01, -9.957387e-01, 7.643322e-02, -5.159937e-02
5.880000e+01, 2.129862e-01, -1.511462e-01, -9.652936e-01, -8.987477e-01, 3.489146e-01, -2.655393e-01
5.890000e+01, 3.275310e-01, -3.396316e-01, -8.816881e-01, -6.874623e-01, 5.524429e-01, -4.713835e-01
59, 3.518001e-01, -5.287936e-01, -7.724079e-01, -3.912693e-01, 6.595340e-01, -6.418125e-01
5.910000e+01, 3.133106e-01, -7.034102e-01, -6.380051e-01, -5.051150e-02, 6.560229e-01, -7.530488e-01
5.920000e+01, 1.929735e-01, -8.354088e-01, -5.146391e-01, 2.876253e-01, 5.419944e-01, -7.896289e-01
5.930000e+01, 2.088527e-02, -9.183824e-01, -3.951426e-01, 5.761080e-01, 3.333638e-01, -7.463030e-01
5.940000e+01, -1.842199e-01, -9.285018e-01, -3.224087e-01, 7.737985e-01, 5.906109e-02, -6.306724e-01
5.950000e+01, -3.913635e-01, -8.742894e-01, -2.871456e-01, 8.554185e-01, -2.438814e-01, -4.569257e-01
5.960000e+01, -5.803931e-01, -7.563451e-01, -3.018043e-01, 8.094380e-01, -5.320469e-01, -2.484676e-01
5.970000e+01, -7.233544e-01, -5.879411e-01, -3.620547e-01, 6.409498e-01, -7.667449e-01, -3.585431e-02
5.980000e+01, -7.811059e-01, -4.107763e-01, -4.702514e-01, 3.736849e-01, -9.150099e-01, 1.520411e-01
5.990000e+01, -7.771231e-01, -2.145631e-01, -5.916438e-01, 4.510901e-02, -9.563992e-01, 2.885579e-01
60, -6.863151e-01, -6.409854e-02, -7.244743e-01, -3.005034e-01, -8.847307e-01, 3.562995e-01